2
2.058991169792129
2 2.062636928596527 -2.04868393243243 0 0.05769696640956193 -0.9858878181414542 0
2 9.937363071403475 2.04868393243243 0 -0.05769696640956193 0.9858878181414542 0
2
4.008556507314143
2 2.210269407651708 -3.947085394612735 0 0.09016767236740202 -0.9615729401904873 0
2 9.78973059234829 3.947085394612735 0 -0.09016767236740202 0.9615729401904873 0
2
6.551236374467893
2 2.467519378875532 -6.357099610106467 0 0.1092644014099921 -0.9357153973160465 0
2 9.532480621124467 6.357099610106467 0 -0.1092644014099921 0.9357153973160465 0
2
8.163765922002684
2 2.648726044623387 -7.856135709450183 0 0.1149760474183433 -0.924046507004757 0
2 9.351273955376609 7.856135709450183 0 -0.1149760474183433 0.924046507004757 0
2
10.08370770571841
2 2.873579534735977 -9.619749505842387 0 0.1188793605323468 -0.9136358619622943 0
2 9.126420465264021 9.619749505842387 0 -0.1188793605323468 0.9136358619622943 0
2
12.38501405169426
2 3.150427129786543 -11.71128084474072 0 0.12145637256108 -0.9045527240248038 0
2 8.849572870213455 11.71128084474072 0 -0.12145637256108 0.9045527240248038 0
2
15.15588729029702
2 3.489484683163343 -14.20625273424489 0 0.1230926642488533 -0.8967530181397 0
2 8.510515316836656 14.20625273424489 0 -0.1230926642488533 0.8967530181397 0
2
16.74963109438033
2 3.686135609495018 -15.63261631180863 0 0.1236527442126777 -0.893302718540916 0
2 8.313864390504982 15.63261631180863 0 -0.1236527442126777 0.893302718540916 0
2
18.50191875834377
2 3.903209216269608 -17.19507708151703 0 0.1240807866389371 -0.890130847473264 0
2 8.096790783730393 17.19507708151703 0 -0.1240807866389371 0.890130847473264 0
2
20.42928630313593
2 4.142687737037965 -18.9077961930174 0 0.1244011432984006 -0.8872202216899208 0
2 7.857312262962036 18.9077961930174 0 -0.1244011432984006 0.8872202216899208 0
2
22.54987093106843
2 4.406755888708617 -20.78630738868589 0 0.1246342878176081 -0.8845533902952663 0
2 7.593244111291384 20.78630738868589 0 -0.1246342878176081 0.8845533902952663 0
