2
4.008556507314143
2 2.210269407651708 -3.947085394612735 0 0.09016767236740202 -0.9615729401904873 0
2 9.78973059234829 3.947085394612735 0 -0.09016767236740202 0.9615729401904873 0
2
8.163765922002684
2 2.648726044623387 -7.856135709450183 0 0.1149760474183433 -0.924046507004757 0
2 9.351273955376609 7.856135709450183 0 -0.1149760474183433 0.924046507004757 0
2
11.18154560639376
2 3.004913358404963 -10.62012014461851 0 0.1203072571740643 -0.9089291426515095 0
2 8.995086641595035 10.62012014461851 0 -0.1203072571740643 0.9089291426515095 0
2
15.15588729029702
2 3.489484683163343 -14.20625273424489 0 0.1230926642488533 -0.8967530181397 0
2 8.510515316836656 14.20625273424489 0 -0.1230926642488533 0.8967530181397 0
2
18.50191875834377
2 3.903209216269608 -17.19507708151703 0 0.1240807866389371 -0.890130847473264 0
2 8.096790783730393 17.19507708151703 0 -0.1240807866389371 0.890130847473264 0
2
22.54987093106843
2 4.406755888708617 -20.78630738868589 0 0.1246342878176081 -0.8845533902952663 0
2 7.593244111291384 20.78630738868589 0 -0.1246342878176081 0.8845533902952663 0
2
27.45224328335823
2 5.01853433214295 -25.11055951011782 0 0.1249044690745029 -0.8798823697022765 0
2 6.981465667857051 25.11055951011782 0 -0.1249044690745029 0.8798823697022765 0
2
30.279865405043
2 5.371816677140026 -27.59556412241202 0 0.1249674565919159 -0.8778451541824746 0
2 6.628183322859975 27.59556412241202 0 -0.1249674565919159 0.8778451541824746 0
2
33.3927881119958
2 5.760883638827109 -30.32524378967599 0 0.1249959377388467 -0.8759860257406381 0
2 6.239116361172892 30.32524378967599 0 -0.1249959377388467 0.8759860257406381 0
2
40.59317579305664
2 6.660890115849702 -36.62028037066449 0 0.1249794609467497 -0.8727449438723291 0
2 5.339109884150299 36.62028037066449 0 -0.1249794609467497 0.8727449438723291 0
2
44.74740032349091
2 7.180016904878278 -40.24284136338698 0 0.1249461050356991 -0.8713367569735325 0
2 4.819983095121723 40.24284136338698 0 -0.1249461050356991 0.8713367569735325 0
2
44.74740032349091
2 7.180016904878278 -40.24284136338698 0 0.1249461050356991 -0.8713367569735325 0
2 4.819983095121723 40.24284136338698 0 -0.1249461050356991 0.8713367569735325 0
2
49.3210504130579
2 7.751377431794788 -44.22500487497084 0 0.1249019026190264 -0.8700541863683009 0
2 4.248622568205213 44.22500487497084 0 -0.1249019026190264 0.8700541863683009 0
2
54.35636144794692
2 8.380167629628039 -48.60296493746242 0 0.1248501827211094 -0.8688863845288778 0
2 3.619832370371962 48.60296493746242 0 -0.1248501827211094 0.8688863845288778 0
