2
2.94655564226621
2 2.198255921573466 -2.330805628352272 0 0.1311717056356336 -0.7737545631243268 0
3 9.867829385617688 0.8663407690393986 0 -0.08744780375708905 0.2825030420828844 0
2
5.338645996707071
2 2.616632738218078 -4.125772560154686 0 0.2141877062485575 -0.7243141133996948 0
3 9.588911507854613 1.504830974204807 0 -0.142791804165705 0.2495427422664631 0
2
7.112045098534467
2 3.037870957835374 -5.372430473435365 0 0.2585288261350564 -0.6813136561853551 0
3 9.30808602810975 1.922143125965533 0 -0.1723525507567042 0.2208757707902366 0
2
10.19432826801148
2 3.916950571820795 -7.357815733985576 0 0.3066028501668297 -0.6081388987210485 0
3 8.72203295211947 2.526533893454371 0 -0.2044019001112198 0.1720925991473654 0
2
12.64662512007338
2 4.695808384959321 -8.784968785856778 0 0.326536177158134 -0.5570448046548127 0
3 8.202794410027121 2.905766662554059 0 -0.2176907847720893 0.1380298697698748 0
2
15.53725730858351
2 5.658183022033673 -10.31959156144265 0 0.3376101483229 -0.5064231333317371 0
3 7.561211318644219 3.254367668958943 0 -0.2250734322152666 0.1042820888878243 0
2
17.18807161431977
2 6.217906550691205 -11.13486498852522 0 0.3401563451545276 -0.4817761468393842 0
3 7.188062299539197 3.412693282342195 0 -0.2267708967696849 0.08785076455958908 0
2
19.00243135232277
2 6.836026433541361 -11.98675015601034 0 0.3409093768003374 -0.4577751709916853 0
3 6.775982377639094 3.557266121798244 0 -0.2272729178668915 0.0718501139944565 0
2
23.2189452632243
2 8.268481821182695 -13.81634277883053 0 0.3376662369692032 -0.4121622002472709 0
3 5.821012119211539 3.793141291134678 0 -0.2251108246461353 0.04144146683151353 0
2
25.67864582852501
2 9.094687005589998 -14.80309793992953 0 0.3339842208246495 -0.3907153564293992 0
3 5.270208662940004 3.877047933297178 0 -0.2226561472164328 0.02714357095293238 0
2
28.4181481908457
2 10.00312098757582 -15.84469100868205 0 0.3291316965774677 -0.3702491381913652 0
3 4.664586008282792 3.932226094590692 0 -0.219421131051645 0.01349942546090972 0
2
28.4181481908457
2 10.00312098757582 -15.84469100868205 0 0.3291316965774677 -0.3702491381913652 0
3 4.664586008282792 3.932226094590692 0 -0.219421131051645 0.01349942546090972 0
2
31.477981718348
2 11.00129211923059 -16.94701261705368 0 0.3232530397148732 -0.3507957578957791 0
3 3.999138587179609 3.953146010421244 0 -0.215502026476582 0.000530505263852306 0
2
34.90479622353295
2 12.09743768709676 -18.11665777042077 0 0.3164843972061849 -0.3323715138503915 0
3 3.268374875268833 3.93331939478948 0 -0.2109895981374564 -0.01175232409973944 0
2
38.75236398187506
2 13.30058681182607 -19.36103658783226 0 0.30895266981422 -0.3149790838622484 0
3 2.466275458782627 3.865139462783979 0 -0.2059684465428132 -0.02334727742516814 0
2
38.75236398187506
2 13.30058681182607 -19.36103658783226 0 0.30895266981422 -0.3149790838622484 0
3 2.466275458782627 3.865139462783979 0 -0.2059684465428132 -0.02334727742516814 0
2
43.08275792218664
2 14.62062856945893 -20.6885041135688 0 0.3007748739856987 -0.2986096963697569 0
3 1.586247620360717 3.739692560535632 0 -0.2005165826571323 -0.03426020242016249 0
2
43.08275792218664
2 14.62062856945893 -20.6885041135688 0 0.3007748739856987 -0.2986096963697569 0
3 1.586247620360717 3.739692560535632 0 -0.2005165826571323 -0.03426020242016249 0
2
47.96774103459757
2 16.0683855217375 -22.10851302810859 0 0.2920578194259973 -0.2832451428621953 0
3 0.6210763188416689 3.546535777332942 0 -0.1947052129506648 -0.04450323809187025 0
2
47.96774103459757
2 16.0683855217375 -22.10851302810859 0 0.2920578194259973 -0.2832451428621953 0
3 0.6210763188416689 3.546535777332942 0 -0.1947052129506648 -0.04450323809187025 0
2
53.49041016589155
2 17.65569277940261 -23.63179398352218 0 0.2828980416170208 -0.2688596094377962 0
3 -0.4371285196017335 3.273433616973406 0 -0.1885986944113471 -0.05409359370813635 0
2
53.49041016589155
2 17.65569277940261 -23.63179398352218 0 0.2828980416170208 -0.2688596094377962 0
3 -0.4371285196017335 3.273433616973406 0 -0.1885986944113471 -0.05409359370813635 0
2
59.74714776229037
2 19.39548262397526 -25.27056943852269 0 0.273381933304305 -0.2554213168089515 0
3 -1.596988415983503 2.906045147814018 0 -0.18225462220287 -0.06305245546069947 0
2
59.74714776229037
2 19.39548262397526 -25.27056943852269 0 0.273381933304305 -0.2554213168089515 0
3 -1.596988415983503 2.906045147814018 0 -0.18225462220287 -0.06305245546069947 0
2
59.74714776229037
2 19.39548262397526 -25.27056943852269 0 0.273381933304305 -0.2554213168089515 0
3 -1.596988415983503 2.906045147814018 0 -0.18225462220287 -0.06305245546069947 0
2
66.84994853661021
2 21.30187456566205 -27.03880835768736 0 0.2635860246068906 -0.2428939670104653 0
3 -2.867916377108032 2.427550913249164 0 -0.1757240164045936 -0.07140402199302362 0
2
66.84994853661021
2 21.30187456566205 -27.03880835768736 0 0.2635860246068906 -0.2428939670104653 0
3 -2.867916377108032 2.427550913249164 0 -0.1757240164045936 -0.07140402199302362 0
2
66.84994853661021
2 21.30187456566205 -27.03880835768736 0 0.2635860246068906 -0.2428939670104653 0
3 -2.867916377108032 2.427550913249164 0 -0.1757240164045936 -0.07140402199302362 0
2
74.92920554295344
2 23.39027049696002 -28.95253108797741 0 0.2535773672900639 -0.2312380017741459 0
3 -4.260180331306672 1.818206098629111 0 -0.1690515781933758 -0.07917466548390324 0
2
74.92920554295344
2 23.39027049696002 -28.95253108797741 0 0.2535773672900639 -0.2312380017741459 0
3 -4.260180331306672 1.818206098629111 0 -0.1690515781933758 -0.07917466548390324 0
2
74.92920554295344
2 23.39027049696002 -28.95253108797741 0 0.2535773672900639 -0.2312380017741459 0
3 -4.260180331306672 1.818206098629111 0 -0.1690515781933758 -0.07917466548390324 0
2
84.13706324477997
2 25.67745428293986 -31.03017630443703 0 0.2434139844182891 -0.2204116823177212 0
3 -5.784969521959899 1.054802779175998 0 -0.1622759896121926 -0.08639221178818637 0
2
84.13706324477997
2 25.67745428293986 -31.03017630443703 0 0.2434139844182891 -0.2204116823177212 0
3 -5.784969521959899 1.054802779175998 0 -0.1622759896121926 -0.08639221178818637 0
2
84.13706324477997
2 25.67745428293986 -31.03017630443703 0 0.2434139844182891 -0.2204116823177212 0
3 -5.784969521959899 1.054802779175998 0 -0.1622759896121926 -0.08639221178818637 0
2
84.13706324477997
2 25.67745428293986 -31.03017630443703 0 0.2434139844182891 -0.2204116823177212 0
3 -5.784969521959899 1.054802779175998 0 -0.1622759896121926 -0.08639221178818637 0
2
94.65147602965662
2 28.18169466519853 -33.29304537212013 0 0.2331453517081624 -0.2103720034875206 0
3 -7.454463110132352 0.1100191744935037 0 -0.1554302344721081 -0.09308533100832014 0
2
94.65147602965662
2 28.18169466519853 -33.29304537212013 0 0.2331453517081624 -0.2103720034875206 0
3 -7.454463110132352 0.1100191744935037 0 -0.1554302344721081 -0.09308533100832014 0
2
94.65147602965662
2 28.18169466519853 -33.29304537212013 0 0.2331453517081624 -0.2103720034875206 0
3 -7.454463110132352 0.1100191744935037 0 -0.1554302344721081 -0.09308533100832014 0
2
94.65147602965662
2 28.18169466519853 -33.29304537212013 0 0.2331453517081624 -0.2103720034875206 0
3 -7.454463110132352 0.1100191744935037 0 -0.1554302344721081 -0.09308533100832014 0
2
94.65147602965662
2 28.18169466519853 -33.29304537212013 0 0.2331453517081624 -0.2103720034875206 0
3 -7.454463110132352 0.1100191744935037 0 -0.1554302344721081 -0.09308533100832014 0
2
106.6811524258732
2 30.92284967972676 -35.76584416358349 0 0.2228128811303166 -0.2010754571107083 0
3 -9.281899786484502 -1.048372790314809 0 -0.1485419207535442 -0.09928302859286166 0
