2.000000000000000040e+30 2.970109475546226196e+11 2.238012834811324692e+10 6.721214995511206388e+08 -9.782458407586469650e+09 4.966515136167244720e+10 3.001606873671012402e+09
1.000000000000000020e+30 -1.452409649592409058e+11 -2.224989241962105179e+10 2.675650217939073563e+09 1.959575426194720459e+10 -4.877833811501378632e+10 1.203516706110562706e+10
1.000000000000000020e+30 1.268194999560008384e+07 -6.833386905628705025e+07 1.455779774829586792e+11 -3.083744677427193522e+07 -4.701542840211021900e+08 -1.803838080844766235e+10
2.000000000000000040e+30 2.919012266120165405e+11 4.047343542366001129e+10 2.230003522440106392e+09 -1.807655479651681519e+10 4.865663656488513184e+10 5.475043606931588173e+09
1.000000000000000020e+30 -1.348888495646254272e+11 -3.963741364992870331e+10 9.033607143285543442e+09 3.706068314758839417e+10 -4.539114634365380096e+10 2.275757411031443024e+10
1.000000000000000020e+30 -1.199915594077289253e+08 -4.554453686818513274e+08 1.361042565118342438e+11 -9.075735545547587872e+08 -1.840316461806470156e+09 -3.370766132417759323e+10
2.000000000000000040e+30 2.831209850118461304e+11 5.899950991731618500e+10 4.856790590433991432e+09 -2.735345455312895966e+10 4.680572698732264709e+10 8.077156341702982903e+09
1.000000000000000020e+30 -1.164510009515204010e+11 -5.597567355145844269e+10 2.033996295453649521e+10 5.896887877582704163e+10 -3.804890121870825958e+10 3.607946694513835144e+10
1.000000000000000020e+30 -9.973569721715568304e+08 -1.761738523458352566e+09 1.195443265645955200e+11 -4.261969669569139004e+09 -5.480742431627041817e+09 -5.223377962854433441e+10
2.000000000000000040e+30 2.697580063264985352e+11 7.758051918456657410e+10 8.714970888843530655e+09 -3.807102948495755768e+10 4.367690299434422302e+10 1.072731631572970581e+10
1.000000000000000020e+30 -8.605050837380766296e+10 -6.842556465195005035e+10 3.876297559011387634e+10 9.229008927843994141e+10 -1.961469498835604095e+10 5.507879343856465912e+10
1.000000000000000020e+30 -4.671892179189519882e+09 -5.958422251001503944e+09 9.340495333219908142e+10 -1.614803030852486992e+10 -1.765730067602243805e+10 -7.653342607002409363e+10
2.000000000000000040e+30 2.528562496191633606e+11 9.369563221678814697e+10 1.331455204164372444e+10 -4.925939005026336670e+10 3.912391530519329071e+10 1.292287173325945473e+10
1.000000000000000020e+30 -3.891342721865332031e+10 -6.527214881496007538e+10 6.459911863119628906e+10 1.648696761069937439e+11 6.550858530023880768e+10 7.340735123171826172e+10
1.000000000000000020e+30 -1.800545991967337799e+10 -2.192072527042967606e+10 5.836964798551624298e+10 -6.635089600646702576e+10 -9.367460558631539917e+10 -9.925309469823709106e+10
2.000000000000000040e+30 2.304881186867025452e+11 1.081052083933750458e+11 1.893694178498850632e+10 -6.208753609939801788e+10 3.191243341103010178e+10 1.497335591986291122e+10
1.000000000000000020e+30 -7.424478690901147842e+09 -1.983897159351054764e+10 3.282767405976710510e+10 1.832286568160451889e+09 2.758408382426223755e+10 -1.185884120203851624e+11
1.000000000000000020e+30 -4.758146582504067421e+09 -7.599648789918118286e+10 7.889631307025587463e+10 1.223427856306356201e+11 -4.132714032201262665e+10 8.864170018065937805e+10
2.000000000000000040e+30 2.028646413481372375e+11 1.188701969702901611e+11 2.526972581713254929e+10 -7.629800684438854980e+10 2.120455050527861404e+10 1.664225511542878151e+10
1.000000000000000020e+30 -8.816415155092191696e+08 -1.767705793652070236e+10 -3.188665987797432899e+09 3.206936710947711945e+10 -4.731278493194118500e+09 -6.861061898317141724e+10
1.000000000000000020e+30 4.394597091923469543e+10 -7.966758923565093994e+10 1.022470850535323029e+11 1.205266465793000031e+11 1.240398780694666100e+10 3.532610875231385040e+10
2.000000000000000040e+30 1.691132993110223389e+11 1.242688863896885529e+11 3.224673682373983765e+10 -9.133547430532360840e+10 4.225609344785933018e+09 1.792865574525902939e+10
1.000000000000000020e+30 1.844212455520963287e+10 -1.955010830928491974e+10 -2.447046984016195679e+10 6.394074554960067749e+10 -1.655895937637413979e+09 -3.791994941414086914e+10
1.000000000000000020e+30 9.212488892274592590e+10 -6.842285334240502930e+10 1.095748668926822357e+11 1.187302030610466309e+11 4.328648757237532806e+10 2.062637923622800827e+09
2.000000000000000040e+30 1.303517257704521790e+11 1.209014329726044769e+11 3.943281732596784210e+10 -1.040161325254324951e+11 -2.379644459257509995e+10 1.809160494473366547e+10
1.000000000000000020e+30 5.002684499310213470e+10 -1.693553624364797783e+10 -3.340443189457222366e+10 9.615555332923001099e+10 1.796162320942525864e+10 -5.840513391608113289e+09
1.000000000000000020e+30 1.380633155659937744e+11 -4.451879478089420319e+10 1.041366679426364746e+11 1.118767117216350555e+11 7.971307630003471375e+10 -3.034269649785921860e+10
2.000000000000000040e+30 8.705349301724800110e+10 1.016566730402641449e+11 4.597320730327824402e+10 -1.003737203652733917e+11 -7.338468725663206482e+10 1.121027057162038803e+10
1.000000000000000020e+30 9.621919118161083984e+10 -7.976502106729352474e+08 -2.571012920070669556e+10 1.250883582966419525e+11 6.705687341587730408e+10 4.970842188477008820e+10
1.000000000000000020e+30 1.784674348838933716e+11 -1.508573097847280979e+09 8.336158529415019226e+10 7.565908243390492249e+10 1.297943114216965332e+11 -7.212896302801086426e+10
2.000000000000000040e+30 5.735028527635663605e+10 6.231028656183700562e+10 4.572927104632547760e+10 -3.774145342334394836e+10 -1.224886685750718384e+11 -1.482868586246244812e+10
1.000000000000000020e+30 1.437393492491042175e+11 4.061652400605547333e+10 1.312094115099215126e+10 1.124120572360326385e+11 1.466319709459597473e+11 1.626934659492880859e+11
1.000000000000000020e+30 1.903536922981828003e+11 5.529941194303701782e+10 4.501838745635690308e+10 -3.692915038934472656e+10 1.484271765284936829e+11 -1.330360942243632202e+11
2.000000000000000040e+30 6.168755636891888428e+10 1.590168894754177284e+10 3.728550018183290100e+10 5.187216698518544006e+10 -9.420160943452850342e+10 -2.183462871694963074e+10
1.000000000000000020e+30 1.950564363677272644e+11 1.233115311588864441e+11 1.861793444245551682e+10 2.314798287735071945e+10 1.797884326289393616e+11 -9.054417378943560791e+10
1.000000000000000020e+30 1.303620629944349670e+11 8.563337192435762024e+10 5.640893589387878418e+10 -1.268923168477216797e+11 5.869659656442739105e+10 1.342134312233348999e+11
2.000000000000000040e+30 8.997301418816525269e+10 -9.188500021638286591e+09 3.217513658280391312e+10 7.995209609609651184e+10 -3.449791202526377869e+10 -2.401350707588152409e+09
1.000000000000000020e+30 1.916540070862360535e+11 1.846310956229602356e+11 -1.082334135944606781e+10 -2.814642587761309052e+10 1.343109178681430359e+11 -6.244200550204927826e+10
1.000000000000000020e+30 7.719357663743334961e+10 9.439385347517468262e+10 9.607093889383830261e+10 -1.317577663145800629e+11 -1.523328349330576515e+10 6.724470691722560883e+10
2.000000000000000040e+30 1.209274274008423309e+11 -1.475314291386484337e+10 3.488376307468747711e+10 7.063369102422868347e+10 3.154586434725524426e+09 1.442393955403063583e+10
1.000000000000000020e+30 1.764973976846090088e+11 2.327593813267328796e+11 -3.309643754604317856e+10 -4.440266252792354584e+10 1.056287063862053223e+11 -4.896369986660314178e+10
1.000000000000000020e+30 3.044135961370630264e+10 7.761572478076766968e+10 1.129267820966683350e+11 -9.686471952053401184e+10 -6.185606893134660339e+10 2.011582075854189301e+10
2.000000000000000040e+30 1.464445782527525024e+11 -8.706159689459447861e+09 4.306964415580783844e+10 5.245085738747286987e+10 2.398856648954712677e+10 2.423426414550550079e+10
1.000000000000000020e+30 1.566015447585469971e+11 2.716059058248541260e+11 -5.124162086449372101e+10 -5.095570390126232147e+10 8.346269787757223511e+10 -3.935333289680078888e+10
1.000000000000000020e+30 -6.970891640520863533e+08 4.735118349899172974e+10 1.147002032528781586e+11 -5.394601087368363190e+10 -8.135802053235668945e+10 -9.115195394210201263e+09
2.000000000000000040e+30 1.631471961110805969e+11 2.749848917344133377e+09 5.344754685408045959e+10 3.411493761330372620e+10 3.426210612556270599e+10 2.901483057982067871e+10
1.000000000000000020e+30 1.364522351313032074e+11 3.004688872638229370e+11 -6.496503853879866028e+10 -5.309014489002776337e+10 6.671324311681269836e+10 -3.198959788817721939e+10
1.000000000000000020e+30 -1.395301525346472931e+10 1.489220014387967873e+10 1.076678155306378784e+11 -1.513973033657994270e+10 -8.515564504362835693e+10 -2.604006327146410751e+10
2.000000000000000040e+30 1.732390284239252625e+11 1.816152050761223221e+10 6.603085217963819122e+10 1.438243189451490402e+10 3.870188544067225647e+10 3.087381277269448471e+10
1.000000000000000020e+30 1.142541087545954285e+11 3.250003767720948486e+11 -7.680451453870359802e+10 -5.316859629905766296e+10 5.142581341221694183e+10 -2.495433355049824524e+10
1.000000000000000020e+30 -1.193855350244625854e+10 -1.959380234699679184e+10 9.434068087942735291e+10 2.440373251002759933e+10 -7.874777396925170898e+10 -3.679329199489070892e+10
2.000000000000000040e+30 1.753268349742324219e+11 3.313515337525790405e+10 7.791346730518826294e+10 -3.516478703763866901e+09 3.769997085628782654e+10 2.997214484766803741e+10
1.000000000000000020e+30 9.382199516947325134e+10 3.424880689923322144e+11 -8.529870215947961426e+10 -5.202520544236092377e+10 3.897068947647741699e+10 -1.889945335208512115e+10
1.000000000000000020e+30 4.317946982061464310e+09 -4.760164291425634766e+10 7.906963824910319519e+10 5.905816284988839722e+10 -6.428882086474333191e+10 -4.104483634325092316e+10
2.000000000000000040e+30 1.702423085698331909e+11 4.734216437756690979e+10 8.941554683697048950e+10 -2.129025427987802505e+10 3.130165203500728607e+10 2.613326938954098129e+10
1.000000000000000020e+30 7.307765707067308044e+10 3.558826877485044556e+11 -9.173785078727972412e+10 -5.002629945978479004e+10 2.716745575287409592e+10 -1.284816185105248642e+10
1.000000000000000020e+30 3.523133788965998840e+10 -6.907206435559295654e+10 6.250462781333884430e+10 9.260680801954060364e+10 -3.968894949857891846e+10 -3.941837692802945709e+10
2.000000000000000040e+30 1.586053402233075256e+11 5.755589025673727417e+10 9.849399015431304932e+10 -3.647055794909237671e+10 1.874801045224745941e+10 1.865912589083610916e+10
1.000000000000000020e+30 5.360752777346672821e+10 3.645486316600109253e+11 -9.570459261204266357e+10 -4.750086430561169434e+10 1.638005890063434982e+10 -7.054928412246624947e+09
1.000000000000000020e+30 7.797540387991760254e+10 -7.818528770892828369e+10 4.831448300341670990e+10 1.204419802037962036e+11 -3.794269480819513321e+09 -3.026332336942556000e+10
2.000000000000000040e+30 1.421425349412659302e+11 6.129016691691606903e+10 1.035810290430557709e+11 -4.564395929086478424e+10 -1.104014376794051409e+09 6.171062912284361839e+09
1.000000000000000020e+30 3.545962665223154449e+10 3.689842305030733643e+11 -9.737062355652256775e+10 -4.458484801959548187e+10 6.197811444872826576e+09 -1.416463207553800344e+09
1.000000000000000020e+30 1.290489155652359924e+11 -7.036332254158518982e+10 3.980643617041121674e+10 1.358727666013248138e+11 4.609202763302503967e+10 -1.092566261701488113e+10
2.000000000000000040e+30 1.239873484706950989e+11 5.540788590709062958e+10 1.023118257497063904e+11 -3.979369249804895020e+10 -2.844414829492541885e+10 -1.354465714156464577e+10
1.000000000000000020e+30 1.799503077548145676e+10 3.694085478615239868e+11 -9.677664188029609680e+10 -4.116696185363979340e+10 -4.090380525730865955e+09 4.313405445994538307e+09
1.000000000000000020e+30 1.828238843831277466e+11 -3.864034328060424805e+10 4.175086108088338470e+10 1.207543468497374115e+11 1.110604874398914185e+11 2.277590883713478851e+10
2.000000000000000040e+30 1.138829783708809204e+11 3.972367251850246429e+10 9.267613713048385620e+10 -6.791039090448075294e+09 -4.831935449363989258e+10 -3.496932373520700073e+10
1.000000000000000020e+30 2.578719763171949863e+09 3.658751305708573608e+11 -9.403023372241886902e+10 -3.738487740857128906e+10 -1.393240411109806061e+10 9.665464094093120575e+09
1.000000000000000020e+30 2.184489355950654907e+11 1.589452874887084007e+10 5.827583016145120239e+10 5.096695558946715546e+10 1.606529234226875610e+11 6.027318337632088470e+10
2.000000000000000040e+30 1.209607267092853699e+11 2.183708836894993591e+10 7.665990400761526489e+10 4.221032973579340363e+10 -3.656233078235879517e+10 -4.324434182761003113e+10
1.000000000000000020e+30 -1.122074800953870964e+10 3.584821403583925171e+11 -8.921623364268656921e+10 -3.282534469009759903e+10 -2.377074491246824646e+10 1.487790302804258156e+10
1.000000000000000020e+30 2.180929066909671936e+11 7.870209463180981445e+10 8.549429632745605469e+10 -5.159531478148950195e+10 1.469772168014955139e+11 7.161078062717756653e+10
2.000000000000000040e+30 1.451093265135481262e+11 1.446235506172013283e+10 6.062585062685079193e+10 6.985398808456176758e+10 2.086740524940864801e+09 -3.299131657412682343e+10
1.000000000000000020e+30 -2.348447523017877197e+10 3.466350501764366455e+11 -8.198341852058627319e+10 -2.683894810728429794e+10 -3.412724529629673004e+10 2.053378792718629456e+10
1.000000000000000020e+30 1.820594343030815430e+11 1.258054885271219635e+11 1.103295879668847046e+11 -1.128690280618395538e+11 8.003557457072463989e+10 4.544884522106745911e+10
2.000000000000000040e+30 1.738651282299563293e+11 2.287485707367142868e+10 5.028574479617429352e+10 6.815093486867803955e+10 3.751108649151860046e+10 -1.810176119040854645e+10
1.000000000000000020e+30 -3.292886684889388275e+10 3.306199206474917603e+11 -7.237374217805706787e+10 -1.936612144006853867e+10 -4.479642647155191040e+10 2.693988272289588547e+10
1.000000000000000020e+30 1.339922224889800415e+11 1.453475725307128906e+11 1.214001232857085114e+11 -1.169357482972878571e+11 1.985606381282435608e+10 9.263639657921300888e+09
2.000000000000000040e+30 1.976481881971874084e+11 4.222271159246563721e+10 4.557917859603311157e+10 5.324398260291033173e+10 6.062419857929671478e+10 -6.822556386675216675e+09
1.000000000000000020e+30 -3.878146246222859955e+10 3.111452425970425415e+11 -6.055065041231884003e+10 -1.050228597179221916e+10 -5.586458951034729767e+10 3.428973643000271225e+10
1.000000000000000020e+30 9.227869816785235596e+10 1.455440747985556946e+11 1.189901639202526855e+11 -9.598567923402877808e+10 -1.530199732393647766e+10 -2.064462365665219879e+10
2.000000000000000040e+30 2.156633800742874451e+11 7.146013132953361511e+10 4.452270101901855469e+10 3.125956254780712509e+10 7.605275679625352478e+10 1.095942290600491047e+09
1.000000000000000020e+30 -4.072308981306581879e+10 2.846078301389683228e+11 -4.399766223950843811e+10 1.924986395701581240e+09 -6.997638135295080566e+10 4.432153894652460480e+10
1.000000000000000020e+30 5.818994176448945618e+10 1.348104572147358246e+11 1.045501309014714508e+11 -6.444411149131616974e+10 -3.204732191524657822e+10 -4.651342352772549438e+10
2.000000000000000040e+30 2.236125679357826843e+11 1.039208901241696167e+11 4.582837245116591644e+10 7.828976614070843697e+09 8.394484136181224060e+10 4.788254935113925934e+09
1.000000000000000020e+30 -3.682936306771607971e+10 2.530343100087916260e+11 -2.371433515320548630e+10 1.843175159456193542e+10 -8.754129517566229248e+10 5.685228923833345032e+10
1.000000000000000020e+30 3.839783929614916992e+10 1.216658485675115814e+11 8.165546095087376404e+10 -3.408970482270394135e+10 -3.026657722365259552e+10 -6.642879910856124878e+10
2.000000000000000040e+30 2.219530142083871460e+11 1.371952064511176453e+11 4.784907343859310913e+10 -1.680136699229534721e+10 8.674340300521942139e+10 5.102120274114029884e+09
1.000000000000000020e+30 -2.516358662384601593e+10 2.143340147554957581e+11 1.413740778959303617e+09 4.426948880047320557e+10 -1.147049578695498810e+11 7.359157852844963074e+10
1.000000000000000020e+30 3.005117030707009125e+10 1.132605606588116608e+11 5.248598304385462952e+10 -1.066675481588283539e+10 -8.700037816579389572e+09 -8.379581907667764282e+10
2.000000000000000040e+30 2.104141386805675964e+11 1.700453535201452026e+11 4.937498552857230377e+10 -4.465696951284446716e+10 8.483503847058854675e+10 2.450237406461820126e+09
1.000000000000000020e+30 1.917507560776290417e+09 1.587943833358914490e+11 3.281695578846361160e+10 1.179379356140121002e+11 -2.038101355980470581e+11 8.118873765272808838e+10
1.000000000000000020e+30 2.604782717808685303e+10 1.221754557238534088e+11 1.803094385439189148e+10 -2.862399658832345963e+10 8.422186898117948914e+10 -8.608921246565171814e+10
2.000000000000000040e+30 1.850091531403731384e+11 2.025992465187806091e+11 4.938712290300485992e+10 -8.067164096531170654e+10 7.213431518097274780e+10 -2.753911507605704308e+09
1.000000000000000020e+30 5.629837232358027649e+10 9.878914523382568359e+10 -8.090610489857922554e+09 9.803578306834367371e+10 -4.176306355050711823e+10 -1.223051978518052216e+11
1.000000000000000020e+30 2.247693349567157745e+10 1.374875796154725952e+11 5.891423538384826660e+10 6.330749886227931213e+10 -5.242375648712895203e+10 1.278130208670165710e+11
2.000000000000000040e+30 1.450730209635843811e+11 2.262194949153404541e+11 4.716776030951672363e+10 -1.134593305702547150e+11 4.026362854996547699e+10 -7.431585064193499565e+09
1.000000000000000020e+30 9.745410170172927856e+10 9.251102560480720520e+10 -4.332693978551248169e+10 1.053094037953370972e+11 7.430044774840371132e+09 -5.598060169335556793e+10
1.000000000000000020e+30 6.119346847109989166e+10 1.169250759794654236e+11 9.858928986647906494e+10 1.216092573451719055e+11 -3.787549155046192169e+10 7.084377182174253845e+10
2.000000000000000040e+30 9.861773650813887024e+10 2.331958994212991333e+11 4.435450399191599274e+10 -1.218334818348073730e+11 -4.955431269341430664e+09 -6.345946669179714203e+09
1.000000000000000020e+30 1.380447938779888916e+11 1.031235456836124878e+11 -5.513804875829147339e+10 1.017748731305679169e+11 4.681297519621438599e+10 -5.916766161399405479e+09
1.000000000000000020e+30 1.135133452057311859e+11 1.116839062349932251e+11 1.160269114744594574e+11 1.418920905390464172e+11 1.317969766677788353e+10 1.860865949975876236e+10
2.000000000000000040e+30 5.302829665665599823e+10 2.228089258748610840e+11 4.222432220956335449e+10 -9.870922302501559448e+10 -4.240880293396286774e+10 -4.695275145481121063e+09
1.000000000000000020e+30 1.751411482456519775e+11 1.289559532958225098e+11 -4.747886655036350250e+10 7.805982922205615234e+10 7.761566170665438843e+10 4.310367289406757355e+10
1.000000000000000020e+30 1.675958705410334778e+11 1.269798156820906219e+11 1.126280928312367554e+11 1.193586168279746246e+11 5.728375448558080292e+10 -3.371312260310540009e+10
2.000000000000000040e+30 1.988390403311116409e+10 2.019465023500543823e+11 4.014959177350646210e+10 -6.568581652540146637e+10 -5.810174165518603516e+10 -5.818197791402016640e+09
1.000000000000000020e+30 2.002181245520202026e+11 1.634417413842083740e+11 -2.003916383073845673e+10 4.650737125557974243e+10 9.030395029297248840e+10 9.584745069287178040e+10
1.000000000000000020e+30 2.088076794817549133e+11 1.544057684803678589e+11 8.933785098372549438e+10 8.486426179522273254e+10 7.598134334170898438e+10 -8.421105511006782532e+10
2.000000000000000040e+30 1.254520026497300565e+08 1.786183879380554504e+11 3.767303166870739746e+10 -3.681572050689894104e+10 -6.040146930671246338e+10 -6.674730227621260643e+09
1.000000000000000020e+30 2.263170601475146790e+11 1.907358094709671936e+11 4.081578334431667328e+10 4.132039529888587036e+11 -1.121831697242215118e+11 -5.561637108098545837e+10
1.000000000000000020e+30 2.222256479471830444e+11 1.932450022536463318e+11 3.343602401826841736e+10 -3.395725119750606079e+11 2.830679186619556885e+11 6.896583153622764587e+10
2.000000000000000040e+30 -9.986988651068202972e+09 1.543227491755073853e+11 3.501735990087962341e+10 -1.323158072444904137e+10 -5.583844821414774323e+10 -5.818460182531511307e+09
1.000000000000000020e+30 2.695286703361207581e+11 2.106992608517903748e+11 -5.487086692198062897e+09 4.834521047382086182e+10 6.984138261616944885e+10 -7.807344375731019592e+10
1.000000000000000020e+30 1.992389190660127563e+11 2.426653097625179749e+11 8.505023759043852234e+10 -2.188204902492243576e+10 9.191732413643528748e+10 8.971036412237269592e+10
2.000000000000000040e+30 -1.190919543413814354e+10 1.339598124711637573e+11 3.307565851809547043e+10 2.492364886463473320e+09 -4.900846355939311218e+10 -4.162885715818867207e+09
1.000000000000000020e+30 2.818041284336918945e+11 2.387528361735194397e+11 -3.006065296530695343e+10 1.800445506342762375e+10 7.346414807125802612e+10 -5.135998573411966705e+10
1.000000000000000020e+30 1.908078745345816956e+11 2.747534945108577881e+11 1.135072066291155396e+11 -2.298918483635421753e+10 7.463458937183746338e+10 5.968575716575690460e+10
2.000000000000000040e+30 -7.830669883386646271e+09 1.144060124349546051e+11 3.166852309705275726e+10 1.554010621587192535e+10 -4.043001366057997131e+10 -2.311209580578835487e+09
1.000000000000000020e+30 2.846440912319075928e+11 2.705900535062002869e+11 -4.806649989041253662e+10 -3.809751368605278492e+09 7.173378434094366455e+10 -3.208085552204551697e+10
1.000000000000000020e+30 1.798108606348632507e+11 3.039004825134199829e+11 1.343273243963063660e+11 -2.727046106313822174e+10 5.920805330452549744e+10 3.670327468320269775e+10
2.000000000000000040e+30 -1.828806937562674880e+08 1.005038058880987549e+11 3.106727091409055710e+10 2.434892323597854614e+10 -3.260813770795944214e+10 -8.790492860380622149e+08
1.000000000000000020e+30 2.802848844546242065e+11 2.972415716056734619e+11 -5.763731618335578156e+10 -1.867275054308596802e+10 6.813102199204549408e+10 -1.853259352598447800e+10
1.000000000000000020e+30 1.688744890328860474e+11 3.241064079779602661e+11 1.451006450551737976e+11 -3.002509592887077332e+10 4.716706374818259430e+10 2.029069209806010818e+10
2.000000000000000040e+30 1.177258933387191200e+10 8.866905981277201843e+10 3.099715225832146072e+10 3.222954558864798737e+10 -2.359827073253695679e+10 5.162123433873777390e+08
1.000000000000000020e+30 2.693968236095760498e+11 3.247923768291252441e+11 -6.253510250918225861e+10 -3.280667747512798691e+10 6.264348239749418640e+10 -4.878083100817479134e+09
1.000000000000000020e+30 1.558516098226779175e+11 3.412883321996472168e+11 1.501386686925382690e+11 -3.165241370216762543e+10 3.463486939188891602e+10 3.845658414042241096e+09
2.000000000000000040e+30 2.473171597321185684e+10 8.149203992149360657e+10 3.139248343992770767e+10 3.794329627974478912e+10 -1.527479372877946091e+10 1.612966787580804586e+09
1.000000000000000020e+30 2.552090493372667847e+11 3.468076646265014038e+11 -6.216669663269483948e+10 -4.407721148652271271e+10 5.665646217760771942e+10 6.918817187197848320e+09
1.000000000000000020e+30 1.441211308163073730e+11 3.520818759264727173e+11 1.489796004528382263e+11 -3.180938107296651459e+10 2.397493560426037979e+10 -1.014475076235994339e+10
2.000000000000000040e+30 4.134937613827780151e+10 7.724755766163203430e+10 3.228299842316299438e+10 4.322735513179566193e+10 -5.357926644204866409e+09 2.731899507658292770e+09
1.000000000000000020e+30 2.347448380545156250e+11 3.683598954128798218e+11 -5.655254395428149414e+10 -5.606260911983002472e+10 4.854970245467848206e+10 2.079599661735222244e+10
1.000000000000000020e+30 1.313500217689267120e+11 3.594812759455010986e+11 1.415844178079540405e+11 -3.039210114376097107e+10 1.224796115804046249e+10 -2.625979563266928864e+10
2.000000000000000040e+30 5.977733046680307770e+10 7.724062815190763855e+10 3.360369228060445404e+10 4.747763377433651733e+10 5.533738279374191284e+09 3.769473556871376991e+09
1.000000000000000020e+30 2.095618131585798645e+11 3.860712096530797119e+11 -4.497454097263584900e+10 -6.826429109910901642e+10 3.832431452706793976e+10 3.685931534522743225e+10
1.000000000000000020e+30 1.196771380078120117e+11 3.620965907537213135e+11 1.273650271114253235e+11 -2.669097644956367493e+10 6.900192384928746223e+08 -4.439826245897067261e+10
2.000000000000000040e+30 7.886061123373437500e+10 8.164432629650309753e+10 3.525005374106202698e+10 5.057135990045038605e+10 1.741828408564268494e+10 4.687602701166545868e+09
1.000000000000000020e+30 1.805034889803011169e+11 3.984795242634291382e+11 -2.690257850581278229e+10 -8.184664031750958252e+10 2.456750609973491669e+10 5.746874411379376984e+10
1.000000000000000020e+30 1.105689006522282715e+11 3.603415362258381348e+11 1.060003417236868744e+11 -1.929607948339080048e+10 -9.322263946711091995e+09 -6.684394951612735748e+10
2.000000000000000040e+30 9.932202121170417786e+10 9.128737674287318420e+10 3.726385948447784424e+10 5.249826520247948456e+10 3.170983997607601929e+10 5.421429073826279640e+09
1.000000000000000020e+30 1.442581492200206604e+11 4.035479467002890015e+11 2.330771444686511993e+09 -1.038264516461270447e+11 -4.075944928241617680e+09 9.530916219449311829e+10
1.000000000000000020e+30 1.058914204565692749e+11 3.558253225385648804e+11 7.273938028635575867e+10 -1.170078758831508636e+09 -9.261924699601228714e+09 -1.061520203421461945e+11
2.000000000000000040e+30 1.199975247499092102e+11 1.069504458494380188e+11 3.943023693362308502e+10 5.266006582108085632e+10 4.867680225408167267e+10 5.488028196057359695e+09
1.000000000000000020e+30 9.953519929387205505e+10 3.633969808817745972e+11 4.385562025483855438e+10 -3.078302846678633499e+10 -2.444734899546137085e+11 -7.003178825286639404e+10
1.000000000000000020e+30 1.092633633063077545e+11 3.842763020001666260e+11 2.688177657791303253e+10 -7.453710317537509155e+10 1.972016957707593994e+11 5.905573186075109100e+10
2.000000000000000040e+30 1.413416349991101685e+11 1.317451464364172668e+11 4.155267439368693542e+10 4.895365418734560394e+10 7.174838405088336182e+10 4.195767295381371498e+09
1.000000000000000020e+30 9.516351586188102722e+10 3.086807270616823730e+11 5.162532141362324715e+09 -1.052517371744144440e+10 -9.878846661643296814e+10 -7.994039141840602112e+10
1.000000000000000020e+30 7.094682623989689636e+10 4.102476147198869629e+11 6.132998977126136780e+10 -8.738213465724949646e+10 5.373508838975406647e+09 7.154885682764270020e+10
2.000000000000000040e+30 1.588133220676055298e+11 1.661918955193347473e+11 4.203655452112515259e+10 3.609643881512642670e+10 1.023223559032274017e+11 -3.719635040952440739e+09
1.000000000000000020e+30 9.242836642997512817e+10 2.664930155366518860e+11 -2.040827686512620926e+10 1.662741432466839075e+09 -1.194786785517268372e+11 -4.568027069974742126e+10
1.000000000000000020e+30 3.873860153481221771e+10 4.035396082795756226e+11 8.593303852287326050e+10 -7.385561906271945190e+10 -3.508422293041877747e+10 5.311954078165171814e+10
