3
1.00968329252141
1 0.9897069007297207 0.2235109578712768 0 -0.4136156720190438 0.4440307140425448 0
1 -0.04171517829958501 0.03859082267230608 0 0.9356534105818068 -0.8605658873713766 0
1 -0.9479917224301345 -0.2621017805435832 0 -0.5220377385627635 0.4165351733288311 0
3
2.008239195321543
1 0.09432319302353437 0.08623646241095721 0 -0.948435678791608 -0.8436987631465569 0
1 0.9168292881794244 -0.2846041586508024 0 0.596066687933784 0.3896065273171989 0
1 -1.011152481202958 0.1983676962398441 0 0.3523689908578225 0.4540922358293573 0
3
3.010893884291148
1 -0.8839891670686633 -0.3041589003768843 0 -0.6684876722476435 0.3554655261070168 0
1 1.028028981888269 0.1747764000472885 0 -0.2999246742563308 0.4600658499601396 0
1 -0.144039814819604 0.1293825003295941 0 0.9684123465039729 -0.8155313760671566 0
3
4.00482729853336
1 -1.044419774070487 0.1465453168593969 0 0.2432194507804164 0.4642444103080979 0
1 0.2035202278534803 0.1774125349295065 0 -0.9989666413471747 -0.7669407525831585 0
1 0.8408995462170072 -0.3239578517889057 0 0.7557471905667563 0.3026963422750601 0
3
5.002611420800958
1 -0.2609376332069669 0.2189713616297137 0 1.031686806819186 -0.7045610075598673 0
1 -0.7957970921222567 -0.3393625246457364 0 -0.8374934669914994 0.2383958765987795 0
1 1.056734725329223 0.1203911630160199 0 -0.1941933398276881 0.466165130961087 0
3
6.003795548036506
1 0.7493147827417627 -0.3501694690994644 0 0.9109711338246961 0.1635530276488003 0
1 -1.065941552509564 0.09557135907098867 0 0.1508520161589824 0.4670168972208349 0
1 0.3166267697677992 0.2545981100284719 0 -1.061823149983679 -0.6305699248696361 0
3
7.007632362621703
1 1.072624947464456 0.07188201107876722 0 -0.1117408231561054 0.4672736650326151 0
1 -0.3710912179581828 0.2845247456112209 0 1.08632373196801 -0.5465877865711415 0
1 -0.701533729506277 -0.3564067566899928 0 -0.9745829088119069 0.07931412153852554 0
3
8.00358094455572
1 0.4352826278427947 0.3133260674114448 0 -1.104381109690895 -0.435396410459679 0
1 0.642599966763601 -0.3577696070107808 0 1.036036879271257 -0.0318688247405625 0
1 -1.077882594606402 0.04444353959933074 0 0.06834423041963518 0.4672652352002411 0
3
9.001046528138076
1 -0.5821954606677459 -0.3526857147835774 0 -1.078961035699683 -0.1508447821202504 0
1 1.080551068485654 0.01797007834859232 0 -0.02735408198685071 0.4672200028674258 0
1 -0.4983556078179183 0.334715636434979 0 1.106315117686532 -0.3163752207471763 0
3
10.00847699916697
1 -1.081032480785949 -0.004140733582957514 0 -0.006202387783972036 0.4672051847281536 0
1 0.5499742152032967 0.347259478127177 0 -1.093805635087629 -0.2148946220062452 0
1 0.5310582655826402 -0.3431187445442263 0 1.100008022871599 -0.2523105627219093 0
